995595601052
995595601053
995595601243
995595601352
995595601383
995595601706
995595601812
995595601854
995595601966
995595601990
995595629062
995595629126
995595629267
995595629352
995595629362
995595629393
995595629461
995595629657
995595629848
995595629902
995595632117
995595632122
995595632168
995595632184
995595632325
995595632427
995595632611
995595632836
995595632933
995595632974
995595636063
995595636120
995595636244
995595636335
995595636364
995595636590
995595636720
995595636757
995595636810
995595636847
995595640066
995595640086
995595640107
995595640154
995595640386
995595640554
995595640560
995595640584
995595640820
995595640939
995595671089
995595671091
995595671120
995595671162
995595671213
995595671306
995595671437
995595671620
995595671773
995595671956
995595677000
995595677145
995595677169
995595677256
995595677307
995595677398
995595677448
995595677483
995595677764
995595677835
995595684084
995595684117
995595684178
995595684216
995595684228
995595684312
995595684336
995595684344
995595684660
995595684740
995595693014
995595693249
995595693296
995595693342
995595693428
995595693524
995595693569
995595693572
995595693868
995595693879
995595695106
995595695289
995595695423
995595695547
995595695567
995595695568
995595695657
995595695702
995595695721
995595695989
995591046020
995591046056
995591046327
995591046444
995591046526
995591046616
995591046709
995591046739
995591046782
995591046843
995591051000
995591051160
995591051210
995591051226
995591051337
995591051355
995591051439
995591051660
995591051783
995591051963
995591053012
995591053068
995591053111
995591053433
995591053482
995591053577
995591053650
995591053691
995591053880
995591053982
995591062036
995591062110
995591062178
995591062400
995591062478
995591062485
995591062586
995591062744
995591062836
995591062956
995591084013
995591084055
995591084335
995591084409
995591084416
995591084420
995591084497
995591084529
995591084757
995591084872
995591085084
995591085143
995591085193
995591085484
995591085512
995591085515
995591085676
995591085841
995591085849
995591085886
995591090208
995591090346
995591090359
995591090387
995591090503
995591090529
995591090560
995591090823
995591090824
995591090874
995591092138
995591092149
995591092265
995591092369
995591092407
995591092606
995591092678
995591092687
995591092733
995591092814
995591095197
995591095240
995591095317
995591095320
995591095405
995591095426
995591095762
995591095796
995591095823
995591095866
995591096135
995591096156
995591096195
995591096231
995591096327
995591096376
995591096380
995591096414
995591096527
995591096974
5352904098
5352904217
5352904379
5352904620
5352904638
5352904720
5352904743
5352904812
5352904849
5352904919
5352921156
5352921161
5352921166
5352921170
5352921338
5352921442
5352921522
5352921613
5352921644
5352921715
5352927002
5352927042
5352927115
5352927166
5352927400
5352927564
5352927628
5352927696
5352927732
5352927979
5352935377
5352935382
5352935408
5352935645
5352935705
5352935756
5352935837
5352935852
5352935877
5352935984
5352963189
5352963206
5352963338
5352963383
5352963391
5352963413
5352963461
5352963723
5352963801
5352963839
5352967140
5352967151
5352967163
5352967247
5352967581
5352967611
5352967727
5352967777
5352967783
5352967982
5352970289
5352970303
5352970337
5352970354
5352970365
5352970393
5352970419
5352970655
5352970842
5352970901
5352976027
5352976055
5352976085
5352976116
5352976240
5352976382
5352976651
5352976775
5352976862
5352976992
5352980042
5352980062
5352980224
5352980307
5352980325
5352980336
5352980470
5352980614
5352980690
5352980905
5352981039
5352981060
5352981276
5352981300
5352981409
5352981437
5352981724
5352981776
5352981845
5352981928
971542107031
971542107194
971542107436
971542107477
971542107481
971542107531
971542107604
971542107627
971542107710
971542107883
971542121015
971542121027
971542121042
971542121059
971542121144
971542121206
971542121253
971542121378
971542121654
971542121820
971542134323
971542134383
971542134409
971542134437
971542134494
971542134574
971542134670
971542134777
971542134801
971542134802
971542159048
971542159063
971542159197
971542159381
971542159632
971542159659
971542159684
971542159710
971542159848
971542159851
971542164046
971542164195
971542164244
971542164262
971542164302
971542164399
971542164518
971542164649
971542164661
971542164820
971542171346
971542171358
971542171380
971542171404
971542171519
971542171584
971542171593
971542171885
971542171914
971542171941
971542184064
971542184095
971542184219
971542184357
971542184477
971542184530
971542184560
971542184719
971542184953
971542184994
971542185009
971542185034
971542185131
971542185158
971542185209
971542185233
971542185368
971542185647
971542185719
971542185959
971542189059
971542189100
971542189161
971542189223
971542189301
971542189620
971542189720
971542189748
971542189871
971542189909
971542199180
971542199287
971542199359
971542199407
971542199416
971542199480
971542199581
971542199605
971542199625
971542199919
971501018238
971501018296
971501018363
971501018374
971501018395
971501018396
971501018565
971501018702
971501018859
971501018919
971501027088
971501027094
971501027133
971501027327
971501027366
971501027408
971501027425
971501027483
971501027703
971501027926
971501030013
971501030106
971501030213
971501030243
971501030279
971501030286
971501030380
971501030610
971501030743
971501030830
971501038016
971501038028
971501038416
971501038493
971501038517
971501038527
971501038595
971501038640
971501038672
971501038907
971501041336
971501041399
971501041553
971501041565
971501041605
971501041699
971501041706
971501041772
971501041830
971501041863
971501045149
971501045154
971501045361
971501045382
971501045457
971501045495
971501045519
971501045587
971501045613
971501045743
971501061077
971501061126
971501061162
971501061295
971501061310
971501061392
971501061573
971501061594
971501061790
971501061808
971501066121
971501066271
971501066325
971501066399
971501066590
971501066615
971501066644
971501066683
971501066917
971501066974
971501070001
971501070105
971501070134
971501070284
971501070363
971501070529
971501070539
971501070594
971501070707
971501070719
971501082250
971501082251
971501082260
971501082277
971501082445
971501082494
971501082617
971501082668
971501082703
971501082794
380963100045
380963100135
380963100408
380963100438
380963100505
380963100754
380963100855
380963100867
380963100934
380963100937
380963101096
380963101172
380963101417
380963101435
380963101514
380963101652
380963101660
380963101780
380963101901
380963101993
380963102059
380963102115
380963102188
380963102283
380963102626
380963102627
380963102718
380963102731
380963102763
380963102957
380963103083
380963103120
380963103239
380963103316
380963103378
380963103438
380963103571
380963103611
380963103942
380963103968
380963106140
380963106343
380963106465
380963106493
380963106528
380963106538
380963106671
380963106850
380963106886
380963106892
380963107133
380963107207
380963107221
380963107574
380963107653
380963107694
380963107829
380963107831
380963107887
380963107897
380963114004
380963114232
380963114281
380963114352
380963114414
380963114643
380963114746
380963114767
380963114777
380963114819
380963116273
380963116392
380963116425
380963116560
380963116580
380963116612
380963116654
380963116662
380963116706
380963116909
380963117028
380963117088
380963117169
380963117261
380963117368
380963117400
380963117498
380963117615
380963117920
380963117946
380963121020
380963121060
380963121261
380963121295
380963121300
380963121410
380963121488
380963121525
380963121605
380963121930
380963122081
380963122099
380963122115
380963122214
380963122404
380963122492
380963122614
380963122684
380963122711
380963122931
380963123052
380963123237
380963123334
380963123592
380963123677
380963123723
380963123727
380963123853
380963123886
380963123898
380963124157
380963124287
380963124481
380963124548
380963124797
380963124805
380963124865
380963124921
380963124997
380963124999
380963125044
380963125117
380963125347
380963125391
380963125701
380963125811
380963125906
380963125925
380963125927
380963125938
380963127160
380963127247
380963127249
380963127273
380963127358
380963127404
380963127413
380963127599
380963127705
380963127706
380963131018
380963131109
380963131260
380963131339
380963131598
380963131656
380963131660
380963131740
380963131921
380963131926
380963132175
380963132368
380963132376
380963132394
380963132415
380963132626
380963132671
380963132674
380963132711
380963132806
380963133364
380963133452
380963133454
380963133506
380963133647
380963133655
380963133805
380963133850
380963133864
380963133970
380963134058
380963134233
380963134288
380963134302
380963134397
380963134445
380963134591
380963134766
380963134954
380963134969
380963135103
380963135261
380963135309
380963135372
380963135374
380963135415
380963135576
380963135764
380963135805
380963135821
380963137147
380963137242
380963137267
380963137544
380963137564
380963137579
380963137598
380963137740
380963137772
380963137858
380963138007
380963138042
380963138150
380963138162
380963138196
380963138198
380963138379
380963138711
380963138854
380963138982
380963140179
380963140184
380963140260
380963140287
380963140297
380963140335
380963140410
380963140429
380963140754
380963140942
380963141034
380963141047
380963141151
380963141350
380963141449
380963141563
380963141593
380963141829
380963141910
380963141942
380963144016
380963144026
380963144105
380963144318
380963144323
380963144408
380963144536
380963144674
380963144682
380963144996
380963145276
380963145370
380963145453
380963145477
380963145541
380963145618
380963145661
380963145864
380963145985
380963145998
380963149221
380963149290
380963149421
380963149501
380963149558
380963149566
380963149708
380963149749
380963149795
380963149957
380963150057
380963150079
380963150098
380963150212
380963150299
380963150316
380963150331
380963150533
380963150599
380963150667
380963151068
380963151143
380963151268
380963151623
380963151758
380963151800
380963151837
380963151936
380963151940
380963151980
380963154008
380963154201
380963154295
380963154752
380963154759
380963154789
380963154808
380963154846
380963154862
380963154944
380963155014
380963155037
380963155056
380963155182
380963155200
380963155277
380963155316
380963155546
380963155555
380963155732
380963158124
380963158271
380963158308
380963158525
380963158544
380963158551
380963158623
380963158897
380963158950
380963158969
380963163006
380963163073
380963163122
380963163257
380963163433
380963163451
380963163487
380963163535
380963163607
380963163885
380963166017
380963166040
380963166215
380963166431
380963166447
380963166452
380963166562
380963166607
380963166655
380963166800
380963170271
380963170465
380963170547
380963170558
380963170595
380963170640
380963170653
380963170724
380963170923
380963170971
380963171093
380963171111
380963171114
380963171309
380963171491
380963171556
380963171557
380963171691
380963171741
380963171899
380963173150
380963173260
380963173288
380963173349
380963173570
380963173609
380963173623
380963173675
380963173694
380963173820
380963175278
380963175323
380963175475
380963175532
380963175629
380963175646
380963175690
380963175761
380963175947
380963175991
380963178034
380963178052
380963178224
380963178469
380963178509
380963178642
380963178664
380963178680
380963178740
380963178988
380963179218
380963179264
380963179283
380963179353
380963179407
380963179432
380963179456
380963179658
380963179716
380963179872
380963181020
380963181040
380963181090
380963181447
380963181458
380963181498
380963181644
380963181686
380963181698
380963181805
380963185092
380963185232
380963185247
380963185282
380963185402
380963185445
380963185611
380963185714
380963185803
380963185846
380963186227
380963186262
380963186336
380963186340
380963186455
380963186597
380963186689
380963186767
380963186898
380963186920
380963187033
380963187157
380963187328
380963187445
380963187634
380963187807
380963187818
380963187848
380963187858
380963187866
380963188146
380963188246
380963188400
380963188408
380963188504
380963188602
380963188733
380963188802
380963188813
380963188839
380963189099
380963189185
380963189493
380963189530
380963189546
380963189584
380963189614
380963189622
380963189639
380963189745
380963190095
380963190188
380963190205
380963190402
380963190408
380963190519
380963190610
380963190674
380963190725
380963190875
380963191056
380963191279
380963191289
380963191314
380963191504
380963191579
380963191698
380963191757
380963191880
380963191917
380963192250
380963192281
380963192450
380963192600
380963192693
380963192701
380963192829
380963192848
380963192966
380963192983
380963198102
380963198106
380963198142
380963198198
380963198204
380963198425
380963198524
380963198638
380963198931
380963198932