380965100023
380965100096
380965100138
380965100363
380965100391
380965100525
380965100676
380965100739
380965100780
380965100927
380965108134
380965108343
380965108358
380965108442
380965108517
380965108546
380965108575
380965108617
380965108745
380965108818
380965109404
380965109510
380965109714
380965109811
380965109904
380965109930
380965109966
380965110033
380965110266
380965110386
380965110507
380965110585
380965110883
380965110946
380965110947
380965110999
380965116001
380965116005
380965116338
380965116443
380965116444
380965116570
380965116620
380965116727
380965116838
380965116938
380965118186
380965118406
380965118627
380965118655
380965118719
380965118836
380965118887
380965118923
380965118930
380965121207
380965121516
380965121547
380965121577
380965121623
380965121660
380965121848
380965121946
380965123238
380965123658
380965123666
380965123732
380965123808
380965123832
380965123943
380965123979
380965129199
380965129207
380965129251
380965129630
380965129700
380965129718
380965129773
380965129810
380965129875
380965129942
380965148057
380965148155
380965148226
380965148346
380965148413
380965148493
380965148733
380965148736
380965148901
380965154023
380965154202
380965154239
380965154259
380965154527
380965154537
380965154765
380965154916
380965154923
380965163048
380965163090
380965163245
380965163296
380965163434
380965163487
380965163502
380965163608
380965163690
380965163719
380965165161
380965165170
380965165260
380965165418
380965165542
380965165621
380965165669
380965165735
380965165764
380965165959
380965172099
380965172317
380965172425
380965172440
380965172461
380965172500
380965172746
380965172790
380965172852
380965172951
380965100076
380965100282
380965100399
380965100405
380965100467
380965100524
380965100646
380965100901
380965100918
380965100947
380965101113
380965101138
380965101144
380965101262
380965101344
380965101495
380965101536
380965101789
380965101876
380965101949
380965102180
380965102486
380965102495
380965102507
380965102520
380965102575
380965102921
380965102931
380965102963
380965103311
380965103564
380965103646
380965103785
380965103793
380965103848
380965103950
380965103984
380965104362
380965104592
380965104608
380965104638
380965104680
380965104742
380965104924
380965104950
380965105111
380965105269
380965105509
380965105718
380965105766
380965105808
380965105902
380965105915
380965105957
380965106379
380965106448
380965106460
380965106720
380965106782
380965106894
380965106966
380965107044
380965107329
380965107466
380965107542
380965107566
380965107869
380965107874
380965107935
380965108217
380965108234
380965108393
380965108534
380965108584
380965108634
380965108756
380965108801
380965108908
380965108960
380965109025
380965109061
380965109140
380965109195
380965109369
380965109815
380965109822
380965109840
380965109847
380965109869
380965110067
380965110081
380965110344
380965110580
380965110647
380965110677
380965110828
380965110953
380965110960
380965110974
380965111083
380965111123
380965111177
380965111264
380965111399
380965111529
380965111681
380965111942
380965111964
380965112047
380965112160
380965112263
380965112320
380965112360
380965112369
380965112374
380965112723
380965112891
380965113044
380965113123
380965113216
380965113386
380965113549
380965113583
380965113645
380965113814
380965113867
380965113927
380965114135
380965114244
380965114324
380965114467
380965114577
380965114584
380965114703
380965114847
380965114863
380965115595
380965115607
380965115662
380965115727
380965115799
380965115893
380965115902
380965115984
380965116031
380965116230
380965116371
380965116591
380965116856
380965116939
380965116951
380965116984
380965116988
380965116998
380965117035
380965117048
380965117115
380965117387
380965117424
380965117455
380965117474
380965117611
380965117912
380965118141
380965118253
380965118282
380965118295
380965118326
380965118433
380965118476
380965118664
380965118822
380965118891
380965119131
380965119322
380965119417
380965119442
380965119549
380965119573
380965119681
380965119729
380965119784
380965119796
380965120058
380965120161
380965120224
380965120282
380965120482
380965120808
380965120811
380965120816
380965120826
380965120862
380965121121
380965121132
380965121193
380965121228
380965121319
380965121471
380965121483
380965121639
380965121772
380965121954
380965122007
380965122111
380965122127
380965122199
380965122253
380965122696
380965122725
380965122736
380965122990
380965123045
380965123482
380965123709
380965123734
380965123819
380965123862
380965123870
380965123877
380965123950
380965123960
380965124165
380965124263
380965124333
380965124353
380965124592
380965124681
380965124718
380965124783
380965124987
380965124997
380965125144
380965125179
380965125196
380965125300
380965125333
380965125513
380965125661
380965125846
380965125914
380965125997
380965126063
380965126277
380965126295
380965126506
380965126507
380965126513
380965126526
380965126725
380965126862
380965126897
380965127003
380965127044
380965127132
380965127385
380965127442
380965127450
380965127455
380965127554
380965127591
380965127830
380965128078
380965128083
380965128647
380965128670
380965128691
380965128889
380965128940
380965129385
380965129434
380965129573
380965129670
